'-515.2 964.3  72.0'
1
18
6
20
0
18
6
0
0
' 90.3 -29.7 -40.0'
2
26
36
43
0
26
36
43
0
'167.2 947.2  73.0'
3
38
30
0
0
38
30
0
0
'-569.9 273.2 -40.0'
4
47
31
0
0
47
31
0
0
' 15.2 675.9 -40.0'
5
28
10
0
0
28
10
0
0
'-523.3 1203.3  72.0'
6
1
19
0
0
1
19
0
0
'-179.7 -23.6 -40.0'
7
43
44
0
0
43
44
0
0
'392.0 843.9 -40.0'
8
15
32
0
0
15
32
0
0
'-609.9 -16.4 -40.0'
9
31
0
0
0
31
0
0
0
'227.5 666.3 -40.0'
10
5
15
29
0
5
15
29
0
'-775.0 948.1 -40.0'
11
16
17
12
0
16
17
12
0
'-900.2 1065.4 -40.0'
12
11
13
0
0
11
13
0
0
'-896.7 1257.0 -40.0'
13
12
14
0
0
12
14
0
0
'-671.6 1252.3  24.0'
14
13
18
0
0
13
18
0
0
'390.4 664.5 -40.0'
15
10
8
0
0
10
8
0
0
'-878.1 664.4 -40.0'
16
11
17
23
41
17
11
23
41
'-893.4 908.9 -40.0'
17
16
11
0
0
16
11
0
0
'-660.0 961.3  72.0'
18
14
1
0
0
14
1
0
0
'-458.7 1255.5  72.0'
19
6
0
0
0
6
20
0
0
'-378.6 1167.1  72.0'
20
19
0
0
0
1
0
0
0
'554.6 1399.8  73.0'
21
24
0
0
0
24
0
0
0
'-412.2 687.7 -40.0'
22
23
28
0
0
23
28
0
0
'-610.2 682.9 -40.0'
23
16
22
0
0
16
22
0
0
'585.0 1107.4  73.0'
24
33
21
0
0
33
21
0
0
'228.8 1345.4 -26.1'
25
38
27
0
0
38
27
0
0
'217.7 179.8 -40.0'
26
29
2
0
0
29
2
0
0
'298.6 1170.3 -40.0'
27
32
38
25
0
32
38
25
0
'-182.7 686.5 -40.0'
28
22
5
0
0
22
5
0
0
'210.9 441.5 -40.0'
29
10
26
42
0
10
26
0
0
'325.8 951.8  73.0'
30
3
33
0
0
3
33
0
0
'-566.7 134.5 -40.0'
31
4
9
0
0
4
9
0
0
'398.0 1067.3 -40.0'
32
8
27
0
0
8
27
0
0
'600.4 947.0  73.0'
33
30
24
0
0
30
24
0
0
'404.9 -155.5  73.0'
34
39
35
0
0
39
35
0
0
'410.1  61.9  73.0'
35
34
37
0
0
34
37
0
0
'184.4 -159.9 -40.0'
36
2
39
0
0
2
39
0
0
'270.1 179.0  73.0'
37
35
42
0
0
35
42
0
0
'173.3 1180.2 -40.0'
38
27
3
25
0
27
3
25
0
'291.6 -158.0  32.0'
39
36
34
0
0
36
34
0
0
'-720.2 419.9 -40.0'
40
47
41
0
0
47
41
0
0
'-862.5 500.0 -40.0'
41
40
16
0
0
40
16
0
0
'271.4 325.4  73.0'
42
37
0
0
0
37
29
0
0
'-41.7 -20.9 -40.0'
43
2
7
0
0
2
7
0
0
'-182.0 157.6 -40.0'
44
7
45
0
0
7
45
0
0
'-192.1 440.1 -40.0'
45
44
46
0
0
44
46
0
0
'-367.8 426.0 -40.0'
46
45
47
0
0
45
47
0
0
'-568.1 424.2 -40.0'
47
46
4
40
0
46
4
40
0
